0 1 0 1
1 1 1 1
2 0 1 1
3 0 0 1
4 1 1 1
5 0 0 0
6 1 1 0
7 1 1 1
8 1 1 0
9 0 1 0
10 0 1 0
11 0 0 1
12 0 1 1
13 0 1 0
14 0 0 1
15 1 0 1
16 0 0 0
17 1 1 1
18 0 1 1
19 1 0 0
20 1 0 1
21 1 0 1
22 1 0 0
23 0 0 0
24 0 0 0
25 1 1 1
26 0 0 1
27 1 1 0
28 0 0 0
29 1 0 0
30 0 1 1
31 1 1 0
32 1 1 1
33 1 1 1
34 1 1 1
35 1 1 0
36 1 1 0
37 1 1 1
38 0 1 0
39 1 1 0
40 1 1 1
41 0 1 1
42 1 0 0
43 1 1 0
44 1 0 1
45 0 1 0
46 0 1 1
47 0 0 1
48 1 0 1
49 1 0 0
50 0 0 0
51 0 0 0
52 0 0 0
53 1 0 0
54 1 0 1
55 1 0 0
56 0 0 0
57 1 0 0
58 1 0 0
59 1 1 1
60 0 1 0