0.251789 0.667284 1
0.422481 0.259723 2
0.853309 0.732871 3
0.704979 0.666513 4
0.320662 0.594136 5
0.770423 0.523611 6
0.603757 0.262809 7
0.261479 0.470062 8
0.399523 0.327006 9
0.738521 0.423457 10
0.855695 0.522531 11
0.765057 0.697686 12
0.926804 0.581327 13
0.666816 0.417747 14
0.570364 0.504476 15
0.316935 0.340278 16
0.899523 0.437192 17
0.494186 0.229321 18
0.484198 0.534568 19
0.173673 0.682871 20
0.117323 0.156945 21
0.184407 0.182871 22
0.417114 0.456945 23
0.639535 0.489506 24
0.85316 0.39784 25
0.104651 0.698766 26
0.478384 0.690741 27
0.459899 0.300463 28
0.807245 0.439815 29
0.349434 0.460186 30
0.940668 0.498766 31
0.556798 0.311883 32
0.247466 0.193519 33
0.0451699 0.608797 34
0.331992 0.270988 35
0.171288 0.602469 36
0.29189 0.174229 37
0.408318 0.555556 38
0.478384 0.472531 39
0.575283 0.442747 40
0.247764 0.400618 41
0.608527 0.64892 42
0.534586 0.375772 43
0.370453 0.382716 44
0.234645 0.287037 45
0.632826 0.349383 46
0.550537 0.608797 47
0.832439 0.653395 48
0.181574 0.501389 49
0.240906 0.570216 50
0.707066 0.567439 51
0.726297 0.479167 52
0.830948 0.577932 53
0.446184 0.373766 54
0.240012 0.243365 55
0.308289 0.527161 56
0.545915 0.553087 57
0.500447 0.333334 58
0.475552 0.426389 59
0.296213 0.106173 60
0.686494 0.507562 61
0.626118 0.578087 62
0.104353 0.315741 63
0.178891 0.439198 64
0.730471 0.763272 65
0.163983 0.238581 66
0.283244 0.308025 67
0.402504 0.145988 68
0.372689 0.670679 69
0.536673 0.670679 70
0.968992 0.547223 71