0 19 35 49 68
1 8 27 67
2 11 64
3 41 46 61
4 49 55 68
5 10 28 50 51 52 60
6 17 31 45
7 29 40 49 55 63
8 1 15 27 43 53
9 13 23 28 51
10 5 16 28 30 52
11 2 47 50 52 64
12 30 52 70
13 9 23 39 45
14 18 38 39 56 61
15 8 40 43 66
16 10 24 28 30
17 6 27 31 67
18 14 37 38 56 69
19 0 25 35
20 21 62 
21 20 65
22 29 37 43 53 58
23 9 13 39 50 51 60
24 16 28
25 19 33 35 62
26 68 69
27 1 8 17 31 53 57
28 5 9 10 16 24 51
29 7 22 37 40 43 55
30 10 12 16 70
31 6 17 27 42 57
32 36 54 65
33 25 35 48 62
34 36 44 54 66
35 0 19 25 33 48 49
36 32 34 59
37 18 22 29 38 55 58 68
38 14 18 37 39 58
39 13 14 23 38 42 53 58
40 7 15 29 43 63
41 3 46 69
42 31 39 45 53 57
43 8 15 22 29 40 53
44 34 66
45 6 13 42
46 3 41 56 69
47 11 52 64
48 33 35 49 63
49 0 4 7 35 48 55
50 5 11 23 52 60
51 5 9 23 28 60
52 5 10 11 12 47 50
53 8 22 27 39 42 43 57 58
54 32 34 65
55 4 7 29 37 49
56 14 18 46
57 27 31 42 53
58 22 37 38 39 53
59 36 67
60 5 23 50 51
61 3 14 64
62 20 25 33 63 65 66 67 68
63 7 40 48 62
64 2 11 47 61 69 70
65 21 32 54 62
66 15 34 44 62 67
67 1 17 59 62 66
68 0 4 26 37 62 69
69 18 26 41 46 64 68
70 12 30 64