0.251789 0.829938 1
0.422481 0.422377 2
0.853309 0.895525 3
0.704979 0.829167 4
0.320662 0.75679 5
0.770423 0.686265 6
0.603757 0.425463 7
0.261479 0.632716 8
0.399523 0.48966 9
0.738521 0.586111 10
0.855695 0.685185 11
0.765057 0.86034 12
0.926804 0.743981 13
0.666816 0.580401 14
0.570364 0.66713 15
0.316935 0.502932 16
0.899523 0.599846 17
0.494186 0.391975 18
0.484198 0.697222 19
0.173673 0.845525 20
0.117323 0.319599 21
0.184407 0.345525 22
0.417114 0.619599 23
0.639535 0.65216 24
0.85316 0.560494 25
0.104651 0.86142 26
0.478384 0.853395 27
0.459899 0.463117 28
0.807245 0.602469 29
0.349434 0.62284 30
0.940668 0.66142 31
0.556798 0.474537 32
0.247466 0.356173 33
0.0451699 0.771451 34
0.331992 0.433642 35
0.171288 0.765123 36
0.29189 0.336883 37
0.408318 0.71821 38
0.478384 0.635185 39
0.575283 0.605401 40
0.247764 0.563272 41
0.608527 0.811574 42
0.534586 0.538426 43
0.370453 0.54537 44
0.234645 0.449691 45
0.632826 0.512037 46
0.550537 0.771451 47
0.832439 0.816049 48
0.181574 0.664043 49
0.240906 0.73287 50
0.707066 0.730093 51
0.726297 0.641821 52
0.830948 0.740586 53
0.446184 0.53642 54
0.240012 0.406019 55
0.308289 0.689815 56
0.545915 0.715741 57
0.500447 0.495988 58
0.475552 0.589043 59
0.296213 0.268827 60
0.686494 0.670216 61